{
 "cells": [
  {
   "cell_type": "markdown",
   "id": "91982d2f",
   "metadata": {},
   "source": [
    "# Assignment 2"
   ]
  },
  {
   "cell_type": "markdown",
   "id": "95f837fc",
   "metadata": {},
   "source": [
    "# Singular Value Decomposition (SVD)"
   ]
  },
  {
   "cell_type": "markdown",
   "id": "e8237071",
   "metadata": {},
   "source": [
    "Name :- Neha Gupta"
   ]
  },
  {
   "cell_type": "markdown",
   "id": "70ccc094",
   "metadata": {},
   "source": [
    "Enrollment no:- 2021MSBDA023"
   ]
  },
  {
   "cell_type": "markdown",
   "id": "ea772036",
   "metadata": {},
   "source": [
    "Submitted to:- Dr. Pritpal Singh Sir"
   ]
  },
  {
   "cell_type": "code",
   "execution_count": 214,
   "id": "8496fbc5",
   "metadata": {},
   "outputs": [
    {
     "data": {
      "application/javascript": [
       "\n",
       "        if (window._pyforest_update_imports_cell) { window._pyforest_update_imports_cell('import pandas as pd\\nimport numpy as np'); }\n",
       "    "
      ],
      "text/plain": [
       "<IPython.core.display.Javascript object>"
      ]
     },
     "metadata": {},
     "output_type": "display_data"
    },
    {
     "data": {
      "text/html": [
       "<div>\n",
       "<style scoped>\n",
       "    .dataframe tbody tr th:only-of-type {\n",
       "        vertical-align: middle;\n",
       "    }\n",
       "\n",
       "    .dataframe tbody tr th {\n",
       "        vertical-align: top;\n",
       "    }\n",
       "\n",
       "    .dataframe thead th {\n",
       "        text-align: right;\n",
       "    }\n",
       "</style>\n",
       "<table border=\"1\" class=\"dataframe\">\n",
       "  <thead>\n",
       "    <tr style=\"text-align: right;\">\n",
       "      <th></th>\n",
       "      <th>Temp</th>\n",
       "      <th>Wind</th>\n",
       "    </tr>\n",
       "  </thead>\n",
       "  <tbody>\n",
       "    <tr>\n",
       "      <th>0</th>\n",
       "      <td>20</td>\n",
       "      <td>12</td>\n",
       "    </tr>\n",
       "    <tr>\n",
       "      <th>1</th>\n",
       "      <td>17</td>\n",
       "      <td>14</td>\n",
       "    </tr>\n",
       "    <tr>\n",
       "      <th>2</th>\n",
       "      <td>18</td>\n",
       "      <td>13</td>\n",
       "    </tr>\n",
       "    <tr>\n",
       "      <th>3</th>\n",
       "      <td>14</td>\n",
       "      <td>15</td>\n",
       "    </tr>\n",
       "    <tr>\n",
       "      <th>4</th>\n",
       "      <td>15</td>\n",
       "      <td>16</td>\n",
       "    </tr>\n",
       "    <tr>\n",
       "      <th>5</th>\n",
       "      <td>16</td>\n",
       "      <td>18</td>\n",
       "    </tr>\n",
       "    <tr>\n",
       "      <th>6</th>\n",
       "      <td>17</td>\n",
       "      <td>19</td>\n",
       "    </tr>\n",
       "    <tr>\n",
       "      <th>7</th>\n",
       "      <td>21</td>\n",
       "      <td>11</td>\n",
       "    </tr>\n",
       "    <tr>\n",
       "      <th>8</th>\n",
       "      <td>22</td>\n",
       "      <td>14</td>\n",
       "    </tr>\n",
       "    <tr>\n",
       "      <th>9</th>\n",
       "      <td>13</td>\n",
       "      <td>17</td>\n",
       "    </tr>\n",
       "    <tr>\n",
       "      <th>10</th>\n",
       "      <td>12</td>\n",
       "      <td>15</td>\n",
       "    </tr>\n",
       "    <tr>\n",
       "      <th>11</th>\n",
       "      <td>12</td>\n",
       "      <td>29</td>\n",
       "    </tr>\n",
       "    <tr>\n",
       "      <th>12</th>\n",
       "      <td>35</td>\n",
       "      <td>28</td>\n",
       "    </tr>\n",
       "    <tr>\n",
       "      <th>13</th>\n",
       "      <td>35</td>\n",
       "      <td>27</td>\n",
       "    </tr>\n",
       "    <tr>\n",
       "      <th>14</th>\n",
       "      <td>25</td>\n",
       "      <td>26</td>\n",
       "    </tr>\n",
       "    <tr>\n",
       "      <th>15</th>\n",
       "      <td>21</td>\n",
       "      <td>25</td>\n",
       "    </tr>\n",
       "    <tr>\n",
       "      <th>16</th>\n",
       "      <td>23</td>\n",
       "      <td>24</td>\n",
       "    </tr>\n",
       "    <tr>\n",
       "      <th>17</th>\n",
       "      <td>12</td>\n",
       "      <td>23</td>\n",
       "    </tr>\n",
       "    <tr>\n",
       "      <th>18</th>\n",
       "      <td>11</td>\n",
       "      <td>22</td>\n",
       "    </tr>\n",
       "    <tr>\n",
       "      <th>19</th>\n",
       "      <td>19</td>\n",
       "      <td>21</td>\n",
       "    </tr>\n",
       "    <tr>\n",
       "      <th>20</th>\n",
       "      <td>18</td>\n",
       "      <td>11</td>\n",
       "    </tr>\n",
       "    <tr>\n",
       "      <th>21</th>\n",
       "      <td>33</td>\n",
       "      <td>12</td>\n",
       "    </tr>\n",
       "    <tr>\n",
       "      <th>22</th>\n",
       "      <td>32</td>\n",
       "      <td>13</td>\n",
       "    </tr>\n",
       "    <tr>\n",
       "      <th>23</th>\n",
       "      <td>21</td>\n",
       "      <td>14</td>\n",
       "    </tr>\n",
       "    <tr>\n",
       "      <th>24</th>\n",
       "      <td>25</td>\n",
       "      <td>15</td>\n",
       "    </tr>\n",
       "    <tr>\n",
       "      <th>25</th>\n",
       "      <td>34</td>\n",
       "      <td>16</td>\n",
       "    </tr>\n",
       "    <tr>\n",
       "      <th>26</th>\n",
       "      <td>27</td>\n",
       "      <td>17</td>\n",
       "    </tr>\n",
       "    <tr>\n",
       "      <th>27</th>\n",
       "      <td>28</td>\n",
       "      <td>18</td>\n",
       "    </tr>\n",
       "    <tr>\n",
       "      <th>28</th>\n",
       "      <td>29</td>\n",
       "      <td>19</td>\n",
       "    </tr>\n",
       "    <tr>\n",
       "      <th>29</th>\n",
       "      <td>30</td>\n",
       "      <td>20</td>\n",
       "    </tr>\n",
       "  </tbody>\n",
       "</table>\n",
       "</div>"
      ],
      "text/plain": [
       "    Temp  Wind\n",
       "0     20    12\n",
       "1     17    14\n",
       "2     18    13\n",
       "3     14    15\n",
       "4     15    16\n",
       "5     16    18\n",
       "6     17    19\n",
       "7     21    11\n",
       "8     22    14\n",
       "9     13    17\n",
       "10    12    15\n",
       "11    12    29\n",
       "12    35    28\n",
       "13    35    27\n",
       "14    25    26\n",
       "15    21    25\n",
       "16    23    24\n",
       "17    12    23\n",
       "18    11    22\n",
       "19    19    21\n",
       "20    18    11\n",
       "21    33    12\n",
       "22    32    13\n",
       "23    21    14\n",
       "24    25    15\n",
       "25    34    16\n",
       "26    27    17\n",
       "27    28    18\n",
       "28    29    19\n",
       "29    30    20"
      ]
     },
     "execution_count": 214,
     "metadata": {},
     "output_type": "execute_result"
    }
   ],
   "source": [
    "#Read Dataset\n",
    "read=pd.read_csv(\"temp_data.csv\")\n",
    "read"
   ]
  },
  {
   "cell_type": "code",
   "execution_count": 215,
   "id": "4dd71352",
   "metadata": {},
   "outputs": [
    {
     "data": {
      "text/plain": [
       "array([[20, 12],\n",
       "       [17, 14],\n",
       "       [18, 13],\n",
       "       [14, 15],\n",
       "       [15, 16],\n",
       "       [16, 18],\n",
       "       [17, 19],\n",
       "       [21, 11],\n",
       "       [22, 14],\n",
       "       [13, 17],\n",
       "       [12, 15],\n",
       "       [12, 29],\n",
       "       [35, 28],\n",
       "       [35, 27],\n",
       "       [25, 26],\n",
       "       [21, 25],\n",
       "       [23, 24],\n",
       "       [12, 23],\n",
       "       [11, 22],\n",
       "       [19, 21],\n",
       "       [18, 11],\n",
       "       [33, 12],\n",
       "       [32, 13],\n",
       "       [21, 14],\n",
       "       [25, 15],\n",
       "       [34, 16],\n",
       "       [27, 17],\n",
       "       [28, 18],\n",
       "       [29, 19],\n",
       "       [30, 20]], dtype=int64)"
      ]
     },
     "execution_count": 215,
     "metadata": {},
     "output_type": "execute_result"
    }
   ],
   "source": [
    "#Load Dataset as Matrix\n",
    "matrix=read.to_numpy()\n",
    "matrix"
   ]
  },
  {
   "cell_type": "code",
   "execution_count": 216,
   "id": "91a6e1e2",
   "metadata": {},
   "outputs": [
    {
     "name": "stdout",
     "output_type": "stream",
     "text": [
      "Transpose is:- \n",
      "[20, 17, 18, 14, 15, 16, 17, 21, 22, 13, 12, 12, 35, 35, 25, 21, 23, 12, 11, 19, 18, 33, 32, 21, 25, 34, 27, 28, 29, 30]\n",
      "[12, 14, 13, 15, 16, 18, 19, 11, 14, 17, 15, 29, 28, 27, 26, 25, 24, 23, 22, 21, 11, 12, 13, 14, 15, 16, 17, 18, 19, 20]\n"
     ]
    }
   ],
   "source": [
    "#find transpose of given matrix\n",
    "transpose = [[matrix[j][i] for j in range(len(matrix))] for i in range(len(matrix[0]))]\n",
    "print(\"Transpose is:- \")\n",
    "for transposed in transpose:\n",
    "    print(transposed)"
   ]
  },
  {
   "cell_type": "code",
   "execution_count": 217,
   "id": "564d3e9b",
   "metadata": {},
   "outputs": [
    {
     "name": "stdout",
     "output_type": "stream",
     "text": [
      "Square Matrix is:- \n",
      "[544, 508, 516, 460, 492, 536, 568, 552, 608, 464, 420, 588, 1036, 1024, 812, 720, 748, 516, 484, 632, 492, 804, 796, 588, 680, 872, 744, 776, 808, 840]\n",
      "[508, 485, 488, 448, 479, 524, 555, 511, 570, 459, 414, 610, 987, 973, 789, 707, 727, 526, 495, 617, 460, 729, 726, 553, 635, 802, 697, 728, 759, 790]\n",
      "[516, 488, 493, 447, 478, 522, 553, 521, 578, 455, 411, 593, 994, 981, 788, 703, 726, 515, 484, 615, 467, 750, 745, 560, 645, 820, 707, 738, 769, 800]\n",
      "[460, 448, 447, 421, 450, 494, 523, 459, 518, 437, 393, 603, 910, 895, 740, 669, 682, 513, 484, 581, 417, 642, 643, 504, 575, 716, 633, 662, 691, 720]\n",
      "[492, 479, 478, 450, 481, 528, 559, 491, 554, 467, 420, 644, 973, 957, 791, 715, 729, 548, 517, 621, 446, 687, 688, 539, 615, 766, 677, 708, 739, 770]\n",
      "[536, 524, 522, 494, 528, 580, 614, 534, 604, 514, 462, 714, 1064, 1046, 868, 786, 800, 606, 572, 682, 486, 744, 746, 588, 670, 832, 738, 772, 806, 840]\n",
      "[568, 555, 553, 523, 559, 614, 650, 566, 640, 544, 489, 755, 1127, 1108, 919, 832, 847, 641, 605, 722, 515, 789, 791, 623, 710, 882, 782, 818, 854, 890]\n",
      "[552, 511, 521, 459, 491, 534, 566, 562, 616, 460, 417, 571, 1043, 1032, 811, 716, 747, 505, 473, 630, 499, 825, 815, 595, 690, 890, 754, 786, 818, 850]\n",
      "[608, 570, 578, 518, 554, 604, 640, 616, 680, 524, 474, 670, 1162, 1148, 914, 812, 842, 586, 550, 712, 550, 894, 886, 658, 760, 972, 832, 868, 904, 940]\n",
      "[464, 459, 455, 437, 467, 514, 544, 460, 524, 458, 411, 649, 931, 914, 767, 698, 707, 547, 517, 604, 421, 633, 637, 511, 580, 714, 640, 670, 700, 730]\n",
      "[420, 414, 411, 393, 420, 462, 489, 417, 474, 411, 369, 579, 840, 825, 690, 627, 636, 489, 462, 543, 381, 576, 579, 462, 525, 648, 579, 606, 633, 660]\n",
      "[588, 610, 593, 603, 644, 714, 755, 571, 670, 649, 579, 985, 1232, 1203, 1054, 977, 972, 811, 770, 837, 535, 744, 761, 658, 735, 872, 817, 858, 899, 940]\n",
      "[1036, 987, 994, 910, 973, 1064, 1127, 1043, 1162, 931, 840, 1232, 2009, 1981, 1603, 1435, 1477, 1064, 1001, 1253, 938, 1491, 1484, 1127, 1295, 1638, 1421, 1484, 1547, 1610]\n",
      "[1024, 973, 981, 895, 957, 1046, 1108, 1032, 1148, 914, 825, 1203, 1981, 1954, 1577, 1410, 1453, 1041, 979, 1232, 927, 1479, 1471, 1113, 1280, 1622, 1404, 1466, 1528, 1590]\n",
      "[812, 789, 788, 740, 791, 868, 919, 811, 914, 767, 690, 1054, 1603, 1577, 1301, 1175, 1199, 898, 847, 1021, 736, 1137, 1138, 889, 1015, 1266, 1117, 1168, 1219, 1270]\n",
      "[720, 707, 703, 669, 715, 786, 832, 716, 812, 698, 627, 977, 1435, 1410, 1175, 1066, 1083, 827, 781, 924, 653, 993, 997, 791, 900, 1114, 992, 1038, 1084, 1130]\n",
      "[748, 727, 726, 682, 729, 800, 847, 747, 842, 707, 636, 972, 1477, 1453, 1199, 1083, 1105, 828, 781, 941, 678, 1047, 1048, 819, 935, 1166, 1029, 1076, 1123, 1170]\n",
      "[516, 526, 515, 513, 548, 606, 641, 505, 586, 547, 489, 811, 1064, 1041, 898, 827, 828, 673, 638, 711, 469, 672, 683, 574, 645, 776, 715, 750, 785, 820]\n",
      "[484, 495, 484, 484, 517, 572, 605, 473, 550, 517, 462, 770, 1001, 979, 847, 781, 781, 638, 605, 671, 440, 627, 638, 539, 605, 726, 671, 704, 737, 770]\n",
      "[632, 617, 615, 581, 621, 682, 722, 630, 712, 604, 543, 837, 1253, 1232, 1021, 924, 941, 711, 671, 802, 573, 879, 881, 693, 790, 982, 870, 910, 950, 990]\n",
      "[492, 460, 467, 417, 446, 486, 515, 499, 550, 421, 381, 535, 938, 927, 736, 653, 678, 469, 440, 573, 445, 726, 719, 532, 615, 788, 673, 702, 731, 760]\n",
      "[804, 729, 750, 642, 687, 744, 789, 825, 894, 633, 576, 744, 1491, 1479, 1137, 993, 1047, 672, 627, 879, 726, 1233, 1212, 861, 1005, 1314, 1095, 1140, 1185, 1230]\n",
      "[796, 726, 745, 643, 688, 746, 791, 815, 886, 637, 579, 761, 1484, 1471, 1138, 997, 1048, 683, 638, 881, 719, 1212, 1193, 854, 995, 1296, 1085, 1130, 1175, 1220]\n",
      "[588, 553, 560, 504, 539, 588, 623, 595, 658, 511, 462, 658, 1127, 1113, 889, 791, 819, 574, 539, 693, 532, 861, 854, 637, 735, 938, 805, 840, 875, 910]\n",
      "[680, 635, 645, 575, 615, 670, 710, 690, 760, 580, 525, 735, 1295, 1280, 1015, 900, 935, 645, 605, 790, 615, 1005, 995, 735, 850, 1090, 930, 970, 1010, 1050]\n",
      "[872, 802, 820, 716, 766, 832, 882, 890, 972, 714, 648, 872, 1638, 1622, 1266, 1114, 1166, 776, 726, 982, 788, 1314, 1296, 938, 1090, 1412, 1190, 1240, 1290, 1340]\n",
      "[744, 697, 707, 633, 677, 738, 782, 754, 832, 640, 579, 817, 1421, 1404, 1117, 992, 1029, 715, 671, 870, 673, 1095, 1085, 805, 930, 1190, 1018, 1062, 1106, 1150]\n",
      "[776, 728, 738, 662, 708, 772, 818, 786, 868, 670, 606, 858, 1484, 1466, 1168, 1038, 1076, 750, 704, 910, 702, 1140, 1130, 840, 970, 1240, 1062, 1108, 1154, 1200]\n",
      "[808, 759, 769, 691, 739, 806, 854, 818, 904, 700, 633, 899, 1547, 1528, 1219, 1084, 1123, 785, 737, 950, 731, 1185, 1175, 875, 1010, 1290, 1106, 1154, 1202, 1250]\n",
      "[840, 790, 800, 720, 770, 840, 890, 850, 940, 730, 660, 940, 1610, 1590, 1270, 1130, 1170, 820, 770, 990, 760, 1230, 1220, 910, 1050, 1340, 1150, 1200, 1250, 1300]\n"
     ]
    }
   ],
   "source": [
    "square =  [[sum(first*second for first,second in zip(X_rows,Y_column)) for Y_column in zip(*transpose)] for X_rows in matrix]\n",
    "print(\"Square Matrix is:- \")\n",
    "for dot in square:\n",
    "    print(dot)"
   ]
  },
  {
   "cell_type": "code",
   "execution_count": 218,
   "id": "6d8a1f9b",
   "metadata": {},
   "outputs": [
    {
     "data": {
      "application/javascript": [
       "\n",
       "        if (window._pyforest_update_imports_cell) { window._pyforest_update_imports_cell('import pandas as pd\\nimport numpy as np'); }\n",
       "    "
      ],
      "text/plain": [
       "<IPython.core.display.Javascript object>"
      ]
     },
     "metadata": {},
     "output_type": "display_data"
    }
   ],
   "source": [
    "eigenvalues, eigenvectors = np.linalg.eig(square)\n",
    "idx = eigenvalues.argsort()[::-1]   \n",
    "eigenvalues = eigenvalues[idx]\n",
    "eigenvectors = eigenvectors[:,idx]"
   ]
  },
  {
   "cell_type": "code",
   "execution_count": 219,
   "id": "212f8fbc",
   "metadata": {},
   "outputs": [
    {
     "data": {
      "text/plain": [
       "array([ 2.55640578e+04+0.00000000e+00j,  1.05694218e+03+0.00000000e+00j,\n",
       "        8.79656997e-13+0.00000000e+00j,  1.98240298e-13+8.91046943e-14j,\n",
       "        1.98240298e-13-8.91046943e-14j,  1.59786289e-13+0.00000000e+00j,\n",
       "        1.02211856e-13+1.19922083e-13j,  1.02211856e-13-1.19922083e-13j,\n",
       "        9.19760046e-14+3.78426324e-13j,  9.19760046e-14-3.78426324e-13j,\n",
       "        8.82089051e-14+6.05417828e-14j,  8.82089051e-14-6.05417828e-14j,\n",
       "        5.19740618e-14+7.62901208e-15j,  5.19740618e-14-7.62901208e-15j,\n",
       "        2.19661086e-14+1.33861258e-13j,  2.19661086e-14-1.33861258e-13j,\n",
       "        1.01602754e-15+0.00000000e+00j, -2.21570291e-14+0.00000000e+00j,\n",
       "       -2.26067309e-14+4.17928183e-14j, -2.26067309e-14-4.17928183e-14j,\n",
       "       -2.45648731e-14+5.62091880e-14j, -2.45648731e-14-5.62091880e-14j,\n",
       "       -7.52494549e-14+1.67109945e-13j, -7.52494549e-14-1.67109945e-13j,\n",
       "       -7.69727030e-14+0.00000000e+00j, -1.51008927e-13+0.00000000e+00j,\n",
       "       -1.82204651e-13+8.78179756e-14j, -1.82204651e-13-8.78179756e-14j,\n",
       "       -2.21866146e-13+0.00000000e+00j, -3.33940332e-13+0.00000000e+00j])"
      ]
     },
     "execution_count": 219,
     "metadata": {},
     "output_type": "execute_result"
    }
   ],
   "source": [
    "eigenvalues"
   ]
  },
  {
   "cell_type": "code",
   "execution_count": 220,
   "id": "70d2f8d1",
   "metadata": {},
   "outputs": [
    {
     "data": {
      "text/plain": [
       "array([[-1.44516697e-01+0.j        ,  9.77188834e-02+0.j        ,\n",
       "        -2.38417181e-01+0.j        ,  1.76209043e-02+0.0076784j ,\n",
       "         1.76209043e-02-0.0076784j , -1.38749082e-02+0.j        ,\n",
       "         1.50633533e-02-0.00937856j,  1.50633533e-02+0.00937856j,\n",
       "         2.93048127e-02-0.02705459j,  2.93048127e-02+0.02705459j,\n",
       "        -2.23867643e-02+0.02737038j, -2.23867643e-02-0.02737038j,\n",
       "         3.90055510e-02+0.01292814j,  3.90055510e-02-0.01292814j,\n",
       "         2.16571742e-02-0.00757734j,  2.16571742e-02+0.00757734j,\n",
       "         1.05667001e-02+0.j        , -2.95581445e-02+0.j        ,\n",
       "         2.99863437e-02-0.00254307j,  2.99863437e-02+0.00254307j,\n",
       "        -1.33301745e-02+0.03265169j, -1.33301745e-02-0.03265169j,\n",
       "         2.85787591e-02-0.01786688j,  2.85787591e-02+0.01786688j,\n",
       "         2.39586559e-02+0.j        , -4.58492457e-02+0.j        ,\n",
       "        -1.09368046e-02+0.05205041j, -1.09368046e-02-0.05205041j,\n",
       "        -8.42264085e-03+0.j        ,  3.62877645e-02+0.j        ],\n",
       "       [-1.37728992e-01+0.j        , -8.04157712e-03+0.j        ,\n",
       "         1.71027466e-01+0.j        ,  2.11587898e-02+0.00461493j,\n",
       "         2.11587898e-02-0.00461493j, -3.15635364e-02+0.j        ,\n",
       "         1.45959727e-03-0.00725989j,  1.45959727e-03+0.00725989j,\n",
       "        -3.70770389e-02+0.0740338j , -3.70770389e-02-0.0740338j ,\n",
       "        -1.11681358e-02+0.00424209j, -1.11681358e-02-0.00424209j,\n",
       "         2.72424921e-03+0.00289397j,  2.72424921e-03-0.00289397j,\n",
       "         6.51634091e-03-0.01051456j,  6.51634091e-03+0.01051456j,\n",
       "         2.00386702e-03+0.j        , -9.03691636e-03+0.j        ,\n",
       "         2.11754280e-03-0.00457314j,  2.11754280e-03+0.00457314j,\n",
       "         5.54795028e-03-0.00079025j,  5.54795028e-03+0.00079025j,\n",
       "        -1.64499356e-02-0.02469431j, -1.64499356e-02+0.02469431j,\n",
       "        -2.86506343e-03+0.j        ,  1.35783465e-02+0.j        ,\n",
       "        -4.08466728e-02+0.03251413j, -4.08466728e-02-0.03251413j,\n",
       "        -2.35159371e-02+0.j        ,  1.03190672e-01+0.j        ],\n",
       "       [-1.38685438e-01+0.j        ,  3.52033683e-02+0.j        ,\n",
       "        -2.16983761e-01+0.j        , -2.29307853e-01-0.09469732j,\n",
       "        -2.29307853e-01+0.09469732j,  4.50025753e-03+0.j        ,\n",
       "        -2.17042109e-01+0.02359779j, -2.17042109e-01-0.02359779j,\n",
       "        -1.99743017e-01-0.0730496j , -1.99743017e-01+0.0730496j ,\n",
       "         3.33124873e-02-0.15601191j,  3.33124873e-02+0.15601191j,\n",
       "        -1.31559740e-02-0.04790945j, -1.31559740e-02+0.04790945j,\n",
       "         8.40893902e-02+0.04229566j,  8.40893902e-02-0.04229566j,\n",
       "         3.88344712e-03+0.j        , -5.78571229e-03+0.j        ,\n",
       "        -4.37659805e-02-0.01465443j, -4.37659805e-02+0.01465443j,\n",
       "         3.29934935e-02-0.01266478j,  3.29934935e-02+0.01266478j,\n",
       "         1.53998163e-01-0.13472722j,  1.53998163e-01+0.13472722j,\n",
       "         1.80382894e-01+0.j        , -1.19479811e-01+0.j        ,\n",
       "        -8.11295370e-02+0.22952931j, -8.11295370e-02-0.22952931j,\n",
       "         5.17506250e-02+0.j        ,  1.03312155e-01+0.j        ],\n",
       "       [-1.27022919e-01+0.j        , -8.98276618e-02+0.j        ,\n",
       "         1.00764160e-01+0.j        , -1.37700784e-01-0.04386316j,\n",
       "        -1.37700784e-01+0.04386316j, -1.03065281e-01+0.j        ,\n",
       "        -1.55793467e-01+0.05553061j, -1.55793467e-01-0.05553061j,\n",
       "         6.24895557e-02+0.16333171j,  6.24895557e-02-0.16333171j,\n",
       "         4.13817828e-02-0.13650491j,  4.13817828e-02+0.13650491j,\n",
       "         9.83178905e-02-0.01561072j,  9.83178905e-02+0.01561072j,\n",
       "        -1.61015492e-01+0.17677453j, -1.61015492e-01-0.17677453j,\n",
       "         5.92524509e-02+0.j        , -3.38073748e-01+0.j        ,\n",
       "         3.34866930e-01+0.j        ,  3.34866930e-01-0.j        ,\n",
       "        -4.97147185e-02+0.25478143j, -4.97147185e-02-0.25478143j,\n",
       "         3.23007983e-02+0.20783929j,  3.23007983e-02-0.20783929j,\n",
       "        -4.12811186e-01+0.j        ,  2.40527307e-01+0.j        ,\n",
       "         2.16534421e-01-0.18833286j,  2.16534421e-01+0.18833286j,\n",
       "         6.37362571e-02+0.j        , -1.76460886e-01+0.j        ],\n",
       "       [-1.35816102e-01+0.j        , -9.45314680e-02+0.j        ,\n",
       "         1.19784880e-01+0.j        , -4.40662988e-02-0.10520988j,\n",
       "        -4.40662988e-02+0.10520988j, -2.93426649e-01+0.j        ,\n",
       "        -1.11758922e-02-0.06581284j, -1.11758922e-02+0.06581284j,\n",
       "         5.03383876e-02+0.09237121j,  5.03383876e-02-0.09237121j,\n",
       "        -6.43634349e-02-0.2048522j , -6.43634349e-02+0.2048522j ,\n",
       "        -1.45998445e-01-0.05874078j, -1.45998445e-01+0.05874078j,\n",
       "         1.61069266e-01-0.03694299j,  1.61069266e-01+0.03694299j,\n",
       "        -5.49707377e-01+0.j        ,  4.65179297e-01+0.j        ,\n",
       "        -2.50319521e-01-0.15656524j, -2.50319521e-01+0.15656524j,\n",
       "         2.35748711e-01-0.16098413j,  2.35748711e-01+0.16098413j,\n",
       "        -1.40541442e-01+0.0400643j , -1.40541442e-01-0.0400643j ,\n",
       "         2.46320703e-01+0.j        , -8.77540306e-02+0.j        ,\n",
       "         1.53692360e-01-0.12051374j,  1.53692360e-01+0.12051374j,\n",
       "        -7.68140053e-02+0.j        , -1.07810945e-01+0.j        ],\n",
       "       [-1.48527652e-01+0.j        , -1.23209650e-01+0.j        ,\n",
       "        -4.88866169e-02+0.j        ,  1.43593302e-01-0.01752004j,\n",
       "         1.43593302e-01+0.01752004j, -1.18601817e-01+0.j        ,\n",
       "         2.52185748e-01-0.2102077j ,  2.52185748e-01+0.2102077j ,\n",
       "         5.82208776e-03-0.27324835j,  5.82208776e-03+0.27324835j,\n",
       "        -1.83521547e-01-0.1189669j , -1.83521547e-01+0.1189669j ,\n",
       "        -2.07703306e-01-0.00264431j, -2.07703306e-01+0.00264431j,\n",
       "         2.09055034e-01-0.12026639j,  2.09055034e-01+0.12026639j,\n",
       "        -1.46797058e-02+0.j        , -1.86676631e-01+0.j        ,\n",
       "        -2.54851413e-02-0.22425941j, -2.54851413e-02+0.22425941j,\n",
       "         3.35374412e-01+0.j        ,  3.35374412e-01-0.j        ,\n",
       "         2.92371430e-01-0.07530546j,  2.92371430e-01+0.07530546j,\n",
       "        -2.98082028e-01+0.j        ,  2.14315156e-01+0.j        ,\n",
       "        -3.20522771e-01+0.j        , -3.20522771e-01-0.j        ,\n",
       "        -1.65959782e-01+0.j        ,  3.66668970e-01+0.j        ],\n",
       "       [-1.57320835e-01+0.j        , -1.27913456e-01+0.j        ,\n",
       "        -2.36465548e-01+0.j        , -1.69366457e-01+0.0781344j ,\n",
       "        -1.69366457e-01-0.0781344j ,  2.98828783e-01+0.j        ,\n",
       "        -6.09825791e-02+0.18547521j, -6.09825791e-02-0.18547521j,\n",
       "        -1.27776182e-01-0.02479514j, -1.27776182e-01+0.02479514j,\n",
       "         6.77692101e-02-0.10845749j,  6.77692101e-02+0.10845749j,\n",
       "        -2.60924800e-01-0.05712776j, -2.60924800e-01+0.05712776j,\n",
       "        -1.62200850e-02+0.02256601j, -1.62200850e-02-0.02256601j,\n",
       "        -2.40136729e-02+0.j        ,  2.11113578e-01+0.j        ,\n",
       "        -2.35746518e-01+0.10666951j, -2.35746518e-01-0.10666951j,\n",
       "        -9.35620857e-02-0.17679901j, -9.35620857e-02+0.17679901j,\n",
       "        -1.02626493e-03+0.05002576j, -1.02626493e-03-0.05002576j,\n",
       "         5.61336257e-02+0.j        , -1.66620814e-01+0.j        ,\n",
       "        -4.33947757e-02-0.04869472j, -4.33947757e-02+0.04869472j,\n",
       "        -2.54481636e-01+0.j        ,  2.24134812e-01+0.j        ],\n",
       "       [-1.45473142e-01+0.j        ,  1.40963829e-01+0.j        ,\n",
       "         1.90430280e-01+0.j        ,  5.00533000e-03-0.0357768j ,\n",
       "         5.00533000e-03+0.0357768j , -9.24324949e-02+0.j        ,\n",
       "         4.80575632e-02-0.10315287j,  4.80575632e-02+0.10315287j,\n",
       "         1.01306861e-01+0.02614254j,  1.01306861e-01-0.02614254j,\n",
       "         5.29399180e-03-0.09643831j,  5.29399180e-03+0.09643831j,\n",
       "        -3.49783205e-02+0.01193323j, -3.49783205e-02-0.01193323j,\n",
       "         1.29722127e-01+0.04910493j,  1.29722127e-01-0.04910493j,\n",
       "        -8.19343501e-03+0.j        , -1.25332045e-02+0.j        ,\n",
       "        -2.02236616e-02-0.27141143j, -2.02236616e-02+0.27141143j,\n",
       "         2.43768200e-01+0.07848306j,  2.43768200e-01-0.07848306j,\n",
       "         1.86780126e-01-0.13440521j,  1.86780126e-01+0.13440521j,\n",
       "        -6.80645106e-02+0.j        ,  2.29666413e-01+0.j        ,\n",
       "         1.07663336e-01-0.04192404j,  1.07663336e-01+0.04192404j,\n",
       "         2.53633416e-01+0.j        , -2.08832146e-01+0.j        ],\n",
       "       [-1.62103061e-01+0.j        ,  8.83112711e-02+0.j        ,\n",
       "        -3.15808398e-02+0.j        , -5.98192954e-02+0.01517794j,\n",
       "        -5.98192954e-02-0.01517794j,  8.74110629e-03+0.j        ,\n",
       "         1.52045270e-02+0.16532789j,  1.52045270e-02-0.16532789j,\n",
       "        -2.56787785e-02+0.04197444j, -2.56787785e-02-0.04197444j,\n",
       "         1.16481670e-01-0.02126007j,  1.16481670e-01+0.02126007j,\n",
       "        -2.02383713e-02-0.02217984j, -2.02383713e-02+0.02217984j,\n",
       "        -3.24104129e-01+0.07734528j, -3.24104129e-01-0.07734528j,\n",
       "        -1.16829895e-02+0.j        , -1.85353983e-02+0.j        ,\n",
       "        -2.94783155e-02+0.25441507j, -2.94783155e-02-0.25441507j,\n",
       "        -2.03485058e-01-0.09307548j, -2.03485058e-01+0.09307548j,\n",
       "         4.38207968e-02+0.02443368j,  4.38207968e-02-0.02443368j,\n",
       "        -6.27059045e-02+0.j        , -1.54654139e-01+0.j        ,\n",
       "         4.19804503e-02+0.02425713j,  4.19804503e-02-0.02425713j,\n",
       "        -1.15908161e-01+0.j        ,  1.75204342e-02+0.j        ],\n",
       "       [-1.29984843e-01+0.j        , -1.57046983e-01+0.j        ,\n",
       "         2.09387993e-02+0.j        , -1.15557865e-02+0.13224264j,\n",
       "        -1.15557865e-02-0.13224264j,  1.40285672e-01+0.j        ,\n",
       "        -1.27965527e-01+0.18927243j, -1.27965527e-01-0.18927243j,\n",
       "         5.42492213e-02+0.10974275j,  5.42492213e-02-0.10974275j,\n",
       "         6.34866182e-02-0.03994331j,  6.34866182e-02+0.03994331j,\n",
       "         6.62479924e-02-0.0159562j ,  6.62479924e-02+0.0159562j ,\n",
       "         3.92312753e-02+0.15170524j,  3.92312753e-02-0.15170524j,\n",
       "         4.70671453e-02+0.j        , -6.58439022e-02+0.j        ,\n",
       "        -7.20408023e-03-0.06853268j, -7.20408023e-03+0.06853268j,\n",
       "         1.57940292e-03+0.06768116j,  1.57940292e-03-0.06768116j,\n",
       "        -9.55465523e-02+0.09912171j, -9.55465523e-02-0.09912171j,\n",
       "        -2.04828059e-03+0.j        ,  8.40507998e-02+0.j        ,\n",
       "         9.38427986e-02-0.03299192j,  9.38427986e-02+0.03299192j,\n",
       "         6.53517069e-02+0.j        , -9.64819665e-02+0.j        ],\n",
       "       [-1.17273292e-01+0.j        , -1.28368801e-01+0.j        ,\n",
       "         9.05006308e-03+0.j        ,  5.27868139e-02-0.18449233j,\n",
       "         5.27868139e-02+0.18449233j, -1.45275319e-01+0.j        ,\n",
       "         5.86466923e-03-0.07185032j,  5.86466923e-03+0.07185032j,\n",
       "         4.58281580e-03-0.12615626j,  4.58281580e-03+0.12615626j,\n",
       "        -3.81518757e-02+0.15247258j, -3.81518757e-02-0.15247258j,\n",
       "         4.74110026e-01+0.j        ,  4.74110026e-01-0.j        ,\n",
       "        -2.90543057e-02-0.0684157j , -2.90543057e-02+0.0684157j ,\n",
       "         5.56346582e-01+0.j        , -2.22817507e-02+0.j        ,\n",
       "        -5.25978801e-02-0.16509268j, -5.25978801e-02+0.16509268j,\n",
       "         1.65623991e-01-0.03684916j,  1.65623991e-01+0.03684916j,\n",
       "         5.67130462e-02-0.07219321j,  5.67130462e-02+0.07219321j,\n",
       "        -2.86244925e-01+0.j        ,  2.07172295e-01+0.j        ,\n",
       "        -2.04826238e-01-0.03021907j, -2.04826238e-01+0.03021907j,\n",
       "        -1.92659200e-02+0.j        ,  1.68810001e-01+0.j        ],\n",
       "       [-1.72130450e-01+0.j        , -4.64010062e-01+0.j        ,\n",
       "        -2.47317485e-01+0.j        , -9.42317063e-02+0.15139589j,\n",
       "        -9.42317063e-02-0.15139589j,  2.30575741e-01+0.j        ,\n",
       "        -8.90630060e-02+0.01481532j, -8.90630060e-02-0.01481532j,\n",
       "        -1.40722101e-01-0.02728029j, -1.40722101e-01+0.02728029j,\n",
       "         7.14733082e-03-0.02989546j,  7.14733082e-03+0.02989546j,\n",
       "        -1.75954021e-01-0.05154731j, -1.75954021e-01+0.05154731j,\n",
       "         5.85566518e-02+0.00228959j,  5.85566518e-02-0.00228959j,\n",
       "         5.00542589e-02+0.j        , -3.04240078e-01+0.j        ,\n",
       "        -1.20292119e-02-0.08521361j, -1.20292119e-02+0.08521361j,\n",
       "         1.09770018e-01-0.05409851j,  1.09770018e-01+0.05409851j,\n",
       "         5.48762649e-02-0.26099098j,  5.48762649e-02+0.26099098j,\n",
       "        -2.67487597e-02+0.j        ,  1.03086608e-01+0.j        ,\n",
       "        -3.86048922e-02-0.1016943j , -3.86048922e-02+0.1016943j ,\n",
       "        -1.79391075e-01+0.j        ,  2.30177109e-01+0.j        ],\n",
       "       [-2.80332798e-01+0.j        ,  3.18741540e-03+0.j        ,\n",
       "        -2.78695433e-01+0.j        , -3.73416885e-02+0.07458453j,\n",
       "        -3.73416885e-02-0.07458453j,  2.80384152e-01+0.j        ,\n",
       "        -9.62895545e-02+0.10438139j, -9.62895545e-02-0.10438139j,\n",
       "        -2.11583381e-01+0.06679743j, -2.11583381e-01-0.06679743j,\n",
       "         5.47741219e-02+0.08435883j,  5.47741219e-02-0.08435883j,\n",
       "         1.55519331e-02+0.0061164j ,  1.55519331e-02-0.0061164j ,\n",
       "        -5.54843415e-02+0.00934649j, -5.54843415e-02-0.00934649j,\n",
       "        -1.55023914e-02+0.j        ,  8.93650267e-02+0.j        ,\n",
       "        -3.21947538e-02-0.04758295j, -3.21947538e-02+0.04758295j,\n",
       "         8.09659650e-03-0.03261774j,  8.09659650e-03+0.03261774j,\n",
       "        -4.68765189e-02-0.10452323j, -4.68765189e-02+0.10452323j,\n",
       "         2.18533147e-02+0.j        ,  3.19963362e-01+0.j        ,\n",
       "        -9.99821078e-02+0.14742013j, -9.99821078e-02-0.14742013j,\n",
       "         4.50520624e-01+0.j        , -1.72230299e-01+0.j        ],\n",
       "       [-2.76414430e-01+0.j        ,  2.71617912e-02+0.j        ,\n",
       "         3.71681353e-02+0.j        , -1.28521548e-01+0.0386464j ,\n",
       "        -1.28521548e-01-0.0386464j ,  3.94284853e-02+0.j        ,\n",
       "        -1.31032054e-01+0.04937786j, -1.31032054e-01-0.04937786j,\n",
       "         5.53702691e-02+0.15620159j,  5.53702691e-02-0.15620159j,\n",
       "         4.95176244e-02-0.04627287j,  4.95176244e-02+0.04627287j,\n",
       "        -3.49487091e-02-0.00911183j, -3.49487091e-02+0.00911183j,\n",
       "        -3.83271521e-02+0.18444149j, -3.83271521e-02-0.18444149j,\n",
       "        -2.84102658e-02+0.j        ,  7.90400095e-02+0.j        ,\n",
       "         3.89392850e-02+0.06346901j,  3.89392850e-02-0.06346901j,\n",
       "        -7.02670788e-02+0.02724281j, -7.02670788e-02-0.02724281j,\n",
       "         1.52357921e-01+0.18568225j,  1.52357921e-01-0.18568225j,\n",
       "        -6.55663742e-02+0.j        , -1.32564801e-01+0.j        ,\n",
       "         3.83284094e-03-0.0318045j ,  3.83284094e-03+0.0318045j ,\n",
       "        -1.99393943e-01+0.j        ,  1.84613535e-02+0.j        ],\n",
       "       [-2.23747924e-01+0.j        , -1.41569529e-01+0.j        ,\n",
       "         1.27760624e-01+0.j        ,  1.88543088e-03+0.20027969j,\n",
       "         1.88543088e-03-0.20027969j,  3.56036171e-01+0.j        ,\n",
       "        -9.41024968e-02+0.25010823j, -9.41024968e-02-0.25010823j,\n",
       "         1.52039721e-01+0.23896266j,  1.52039721e-01-0.23896266j,\n",
       "         1.02656135e-01+0.09703389j,  1.02656135e-01-0.09703389j,\n",
       "         4.31366636e-02+0.00543135j,  4.31366636e-02-0.00543135j,\n",
       "        -1.56015817e-01-0.12106047j, -1.56015817e-01+0.12106047j,\n",
       "        -1.56021721e-02+0.j        ,  8.58767401e-02+0.j        ,\n",
       "         5.11805786e-02-0.03250204j,  5.11805786e-02+0.03250204j,\n",
       "         2.41428109e-03+0.04867918j,  2.41428109e-03-0.04867918j,\n",
       "        -1.13667765e-01+0.05623221j, -1.13667765e-01-0.05623221j,\n",
       "         1.48117644e-01+0.j        , -3.42294135e-01+0.j        ,\n",
       "         2.86886118e-01-0.12203283j,  2.86886118e-01+0.12203283j,\n",
       "        -1.25773975e-01+0.j        , -2.11772669e-01+0.j        ],\n",
       "       [-2.00330300e-01+0.j        , -1.94677432e-01+0.j        ,\n",
       "         8.75567097e-02+0.j        ,  1.48256229e-01+0.11576712j,\n",
       "         1.48256229e-01-0.11576712j, -1.52301213e-01+0.j        ,\n",
       "         3.00890526e-01-0.06588832j,  3.00890526e-01+0.06588832j,\n",
       "         9.96759709e-02-0.09372356j,  9.96759709e-02+0.09372356j,\n",
       "        -2.39481950e-01-0.11403273j, -2.39481950e-01+0.11403273j,\n",
       "        -1.25756037e-01-0.02731826j, -1.25756037e-01+0.02731826j,\n",
       "         3.65427607e-01+0.j        ,  3.65427607e-01-0.j        ,\n",
       "         1.06858556e-02+0.j        , -1.10540645e-01+0.j        ,\n",
       "         9.52009548e-02-0.06064643j,  9.52009548e-02+0.06064643j,\n",
       "         1.12366209e-01+0.17483347j,  1.12366209e-01-0.17483347j,\n",
       "         2.23430411e-01-0.12822745j,  2.23430411e-01+0.12822745j,\n",
       "        -1.82961351e-01+0.j        , -1.55744299e-01+0.j        ,\n",
       "         3.51485939e-02+0.05323224j,  3.51485939e-02-0.05323224j,\n",
       "        -1.11882470e-01+0.j        ,  5.76375720e-02+0.j        ],\n",
       "       [-2.06161559e-01+0.j        , -1.32161917e-01+0.j        ,\n",
       "         2.57752968e-01+0.j        ,  4.52177839e-02-0.36048385j,\n",
       "         4.52177839e-02+0.36048385j, -1.88813318e-01+0.j        ,\n",
       "         7.93252918e-02+0.00919678j,  7.93252918e-02-0.00919678j,\n",
       "         1.41354134e-01-0.08212816j,  1.41354134e-01+0.08212816j,\n",
       "         1.40882764e-01+0.09003601j,  1.40882764e-01-0.09003601j,\n",
       "         1.52784624e-01+0.01299974j,  1.52784624e-01-0.01299974j,\n",
       "         3.74158965e-02-0.02829576j,  3.74158965e-02+0.02829576j,\n",
       "         1.70268175e-02+0.j        , -4.90375193e-02+0.j        ,\n",
       "         1.16945762e-01+0.11751979j,  1.16945762e-01-0.11751979j,\n",
       "        -1.36244679e-01+0.08025952j, -1.36244679e-01-0.08025952j,\n",
       "         1.81955228e-02-0.00662539j,  1.81955228e-02+0.00662539j,\n",
       "         3.72927475e-02+0.j        ,  1.15396705e-01+0.j        ,\n",
       "         1.41414983e-01+0.06436298j,  1.41414983e-01-0.06436298j,\n",
       "         2.45870360e-01+0.j        , -2.29370420e-01+0.j        ],\n",
       "       [-1.48620240e-01+0.j        , -3.20163807e-01+0.j        ,\n",
       "        -6.00362712e-02+0.j        ,  1.10500995e-01-0.07223088j,\n",
       "         1.10500995e-01+0.07223088j, -1.06093235e-01+0.j        ,\n",
       "         2.61561098e-03-0.15386488j,  2.61561098e-03+0.15386488j,\n",
       "        -7.24100338e-02-0.0871218j , -7.24100338e-02+0.0871218j ,\n",
       "         2.74688892e-02+0.32993327j,  2.74688892e-02-0.32993327j,\n",
       "         3.56869640e-01+0.11474453j,  3.56869640e-01-0.11474453j,\n",
       "        -3.05208644e-01+0.00801715j, -3.05208644e-01-0.00801715j,\n",
       "        -9.21547113e-03+0.j        ,  1.24849783e-01+0.j        ,\n",
       "         1.81716347e-01+0.18387332j,  1.81716347e-01-0.18387332j,\n",
       "        -2.88608947e-01+0.13991297j, -2.88608947e-01-0.13991297j,\n",
       "        -5.26744814e-03+0.23651297j, -5.26744814e-03-0.23651297j,\n",
       "         1.33114232e-01+0.j        , -1.57307875e-01+0.j        ,\n",
       "        -1.00625969e-01+0.15897022j, -1.00625969e-01-0.15897022j,\n",
       "        -5.69558598e-02+0.j        ,  9.96585228e-02+0.j        ],\n",
       "       [-1.39827057e-01+0.j        , -3.15460001e-01+0.j        ,\n",
       "         4.29764820e-02+0.j        ,  4.92347816e-02-0.08807069j,\n",
       "         4.92347816e-02+0.08807069j, -2.44530653e-01+0.j        ,\n",
       "         1.20401314e-02-0.21350439j,  1.20401314e-02+0.21350439j,\n",
       "        -7.60521698e-03-0.05791592j, -7.60521698e-03+0.05791592j,\n",
       "        -1.96788332e-01+0.07644283j, -1.96788332e-01-0.07644283j,\n",
       "         1.30268858e-01+0.12043521j,  1.30268858e-01-0.12043521j,\n",
       "         1.00082400e-01-0.17735486j,  1.00082400e-01+0.17735486j,\n",
       "        -6.39364768e-02+0.j        ,  3.24770674e-01+0.j        ,\n",
       "        -2.46937556e-01-0.03546708j, -2.46937556e-01+0.03546708j,\n",
       "         1.15118969e-02-0.22649626j,  1.15118969e-02+0.22649626j,\n",
       "        -2.16025824e-01-0.11325969j, -2.16025824e-01+0.11325969j,\n",
       "         3.89612445e-01+0.j        , -3.22034912e-02+0.j        ,\n",
       "        -1.62141017e-01-0.00773858j, -1.62141017e-01+0.00773858j,\n",
       "         7.97099068e-02+0.j        ,  3.14184115e-03+0.j        ],\n",
       "       [-1.74907199e-01+0.j        , -1.37321068e-01+0.j        ,\n",
       "        -6.05586089e-02+0.j        , -1.84931383e-01+0.0128807j ,\n",
       "        -1.84931383e-01-0.0128807j ,  1.08827690e-01+0.j        ,\n",
       "        -1.32561653e-01-0.03687436j, -1.32561653e-01+0.03687436j,\n",
       "        -1.21806256e-01+0.0472795j , -1.21806256e-01-0.0472795j ,\n",
       "         1.40664938e-01-0.09838645j,  1.40664938e-01+0.09838645j,\n",
       "        -2.00006460e-01-0.05741005j, -2.00006460e-01+0.05741005j,\n",
       "        -1.98649808e-01-0.03841737j, -1.98649808e-01+0.03841737j,\n",
       "         3.21660972e-03+0.j        , -9.94318159e-02+0.j        ,\n",
